1 53
1 34
1 54
1 73
1 19
1 51
2 37
2 9
2 89
2 84
2 68
2 64
2 23
2 61
2 96
3 15
3 97
3 56
3 78
4 75
4 51
4 56
4 64
4 84
4 28
4 66
4 9
5 79
5 45
5 96
5 74
5 65
5 68
5 21
5 44
5 6
6 65
6 60
6 84
6 33
6 21
6 19
7 30
7 13
7 73
7 83
7 82
7 75
7 99
8 62
8 4
8 71
8 37
8 24
8 94
8 26
8 39
8 78
8 64
9 99
9 87
9 98
9 38
9 82
9 26
9 29
10 31
11 66
11 40
11 74
11 82
11 96
11 81
11 56
12 68
12 55
13 84
13 55
13 17
13 98
13 5
13 1
13 89
13 100
13 91
13 74
14 84
14 72
14 34
14 93
14 58
14 17
14 32
14 73
14 92
15 95
15 23
16 15
16 93
17 54
17 92
17 31
18 21
18 56
18 2
18 11
18 98
18 55
19 88
19 81
19 18
20 81
20 76
20 18
20 49
20 71
20 32
20 68
20 97
20 89
21 84
21 71
22 90
22 6
22 80
22 34
22 27
22 40
22 36
22 75
23 65
23 95
23 28
23 54
23 100
23 92
24 58
24 85
25 56
26 17
26 27
26 37
26 64
26 94
26 93
26 61
26 55
27 81
27 47
27 32
27 55
27 69
27 80
27 74
27 21
27 12
28 7
28 17
28 1
28 73
28 75
28 71
28 42
28 55
28 99
29 92
29 56
29 48
29 33
29 98
29 3
29 59
29 94
29 19
30 40
30 55
30 78
30 97
30 74
30 31
30 25
30 4
31 8
31 20
31 100
32 62
32 85
32 40
32 3
32 16
32 38
32 73
33 75
33 31
33 42
33 14
33 38
33 74
33 87
33 90
33 10
34 29
35 76
35 50
35 34
35 5
35 100
35 87
35 29
35 39
36 3
36 48
36 75
36 37
37 5
37 26
37 61
37 94
37 56
38 12
38 74
38 2
38 3
38 36
38 24
39 98
39 54
39 99
39 86
39 51
39 62
40 42
40 17
40 72
40 3
40 96
40 36
40 58
40 4
40 43
40 34
41 76
41 74
41 23
41 34
41 97
42 29
42 58
42 40
42 2
42 92
42 43
42 99
42 21
42 69
42 86
43 71
43 76
43 5
43 75
43 88
43 14
43 49
43 22
43 47
43 85
44 66
44 19
44 54
44 75
44 53
45 92
46 27
46 54
46 57
46 61
46 97
46 39
46 66
47 91
47 83
47 90
47 51
48 85
48 57
48 61
48 53
48 7
49 91
49 57
50 100
50 60
50 85
50 37
50 32
50 1
50 96
50 34
50 74
51 10
51 92
51 52
51 71
51 5
52 91
52 80
52 23
52 21
52 5
53 47
53 28
54 33
54 45
54 55
54 8
54 36
54 90
54 49
55 40
55 57
55 37
55 48
55 49
55 97
55 51
55 6
56 19
56 68
56 52
56 99
57 25
57 4
57 73
57 12
57 41
57 19
57 81
57 89
57 5
57 100
58 82
58 34
58 84
58 57
58 86
59 10
59 14
59 58
59 7
59 44
59 9
59 66
60 42
60 96
60 56
60 4
60 49
61 7
61 41
61 43
61 59
61 58
62 12
62 96
62 59
62 55
62 19
62 17
62 91
62 13
62 38
62 95
63 12
63 60
63 20
63 64
63 56
63 77
63 49
64 9
64 25
64 30
64 76
64 36
64 20
64 83
65 79
65 76
65 98
66 28
67 64
67 12
68 17
68 21
68 63
68 83
68 22
68 39
68 20
68 8
68 62
69 70
70 15
70 84
70 90
70 40
71 11
71 46
71 88
71 98
71 31
71 33
71 86
71 19
71 100
71 40
72 52
72 20
72 60
73 70
73 93
73 85
73 15
73 88
73 28
74 21
74 97
75 63
75 90
75 25
75 58
75 60
75 33
75 6
75 16
76 37
76 18
77 61
77 51
77 59
77 89
77 70
77 1
77 26
77 65
78 75
78 91
78 83
78 60
79 94
79 59
79 16
80 45
80 2
80 74
80 7
80 65
80 95
80 93
80 76
80 91
80 19
81 13
82 70
82 61
82 16
82 95
82 26
82 67
83 11
83 54
83 59
83 24
83 71
83 15
83 89
83 21
83 29
83 14
84 4
84 10
84 11
84 67
84 6
85 17
85 74
85 38
86 53
86 90
86 26
87 18
87 97
87 34
87 95
87 85
87 56
87 45
87 32
87 71
88 5
88 29
88 70
88 68
88 86
88 24
89 21
89 12
89 17
89 28
89 61
89 50
89 47
90 74
90 32
91 39
91 74
92 52
92 64
93 21
93 81
93 59
93 6
93 75
93 78
93 66
93 20
93 72
94 22
94 95
94 90
94 48
94 54
94 39
94 79
94 96
95 93
95 97
95 6
95 26
95 12
96 52
96 93
96 80
96 99
96 64
96 78
97 21
97 88
97 69
97 79
98 75
98 66
98 6
98 60
98 53
98 34
99 72
99 54
99 81
99 22
99 21
99 60
99 79
100 79
100 20
100 9
100 31
100 85
100 14
100 26
100 21
100 98